
0.0020
0.0050
0.0040
0.0060
0.0050
0.0050
0.0060
0.0050
0.0050
0.0060
0.0050
0.0060
0.0050
0.0050
0.0060
0.0050
0.0050
0.0060
0.0050
0.0070
0.0050
0.0060
0.0070
0.0060
0.0060
0.0050
0.0060
0.0060
0.0060
0.0080
0.0070
0.0060
0.0060
0.0070
0.0060
0.0060
0.0070
0.0080
0.0090
0.0060
0.0060
0.0090
0.0070
0.0090
0.0080
0.0070
0.0070
0.0090
0.0050
0.0080
0.0080
0.0080
0.0090
0.0110
0.0080
0.0070
0.0070
0.0080
0.0100
0.0050
0.0080
0.0090
0.0100
0.0060
0.0090
0.0080
0.0090
0.0080
0.0090
0.0090
0.0090
0.0080
0.0080
0.0080
0.0090
0.0100
0.0100
0.0080
0.0090
0.0080
0.0340
0.0120
0.0090
0.0100
0.0090
0.0100
0.0110
0.0080
0.0100
0.0080
0.0090
0.0110
0.0100
0.0100
0.0090
0.0080
0.0110
0.0110
0.0080
0.0080
